tr1(t2:0.6933669981,t1:0.244797365);
tr2(t2:0.6054728243,(t4:0.4619054818,(t3:0.7467418981,t1:0.8069577178):0.2327592163):0.003056083573);
tr3(((t5:0.1772094176,t7:0.5253280334):0.01649621851,t1:0.3698103169):0.03183827689,((t3:0.1935411652,t6:0.760542203):0.5770829341,((t8:0.9031340068,t2:0.1318664122):0.5887448967,t4:0.5202119271):0.8518813718):0.6860012228);
tr4(t12:0.7780208113,((t8:0.4280390691,((t2:0.893491338,(t5:0.2626596345,t10:0.5750557419):0.1028626503):0.4130068794,t11:0.8433231337):0.4550410949):0.3842990363,((t6:0.4460129486,((t14:0.9551462978,(t4:0.1692315515,(t16:0.9055940055,t3:0.4643995613):0.488056974):0.2451571827):0.37126459,(t9:0.8102263394,t15:0.6255928238):0.7945036527):0.3577689426):0.3328947665,((t7:0.06803746009,t1:0.3207904131):0.9676594662,t13:0.417091894):0.9221090735):0.3751475546):0.9540541091);
